110
64
94
90
51
55
91
49
52
90
50
48
90
91
50
90
55
91
48
49
216
168
194
51
92
54
96
50
52
146
107
50
92
108
49
106
113
91
54
79
55
145
94
91
49
89
111
89
92
89
93
91
53
93
92
95
91
93
91
94
167
91
146
92
92
52
117
94
52
91
96
53
72
57
157
98
114
69
58
110
54
115
199
52
110
68
181
45
106
134
107
74
113
95
113
96
53
107
104
113
112
107
112
111
112
111
92
57
111
101
104
112
44
169
93
83
95
100
112
114
110
108
62
119
115
107
58
188
57
55
114
116
94
112
115
191
243
109
91
99
63
69
111
121
98
38
173
124
119
111
121
120
111
196
174
70
114
120
98
116
100
182
121
126
58
119
91
38
119
123
116
122
121
60
118
58
58
60
38
56
115
60
59
121
173
38
38
119
91
105
38
117
51
59
38
60
49
123
117
120
177
38
197
39
161
68
123
59
59
60
99
58
38
189
119
57
120
64
170
56
61
60
60
60
194
74
106
110
113
156
75
207
208
228
57
89
90
130
148
88
62
60
58
121
59
33
56
61
109
65
67
63
58
59
54
60
55
210
58
61
102
59
59
100
45
56
196
78
47
105
58
164
56
90
102
61
54
107
58
105
56
47
61
59
60
60
61
47
40
62
52
196
58
46
60
68
41
168
118
239
249
244
256
251
249
252
234
252
245
243
253
246
257
209
255
251
235
258
265
255
257
225
255
259
252
254
113
249
112
89
120
237
120
110
41
61
258
51
137
106
54
62
59
38
51
62
125
45
61
43
256
255
248
261
241
254
265
266
260
254
261
261
239
240
258
256
252
261
258
258
252
245
245
254
251
254
231
259
248
241
243
109
48
61
61
38
144
61
83
61
45
62
38
59
94
61
129
61
63
107
64
91
62
110
45
62
125
60
61
72
65
114
85
52
63
49
38
68
66
108
133
123
100
50
63
38
41
68
61
341
276
61
65
65
91
63
76
69
55
122
60
129
128
35
109
242
60
59
53
123
67
94
64
60
54
76
61
63
60
57
61
111
65
65
42
67
61
65
112
42
64
62
62
60
65
48
45
38
55
61
55
60
78
45
178
54
91
44
61
63
41
81
62
47
60
96
62
247
60
44
62
73
61
62
40
38
59
48
128
85
44
51
56
61
85
38
38
256
49
52
49
61
106
61
39
40
62
50
62
120
254
42
79
65
44
96
239
59
241
39
244
63
88
95
60
254
84
51
60
38
61
61
240
112
65
105
258
258
253
242
257
256
244
255
257
248
249
244
255
251
246
251
265
262
238
251
255
251
238
254
258
60
251
45
254
59
106
253
230
93
212
244
38
60
118
64
82
255
38
250
69
122
109
61
64
44
119
61
257
118
110
39
60
44
62
187
253
251
46
85
118
69
205
88
245
38
65
62
62
59
38
38
172
70
61
40
114
38
59
60
168
38
59
71
254
53
62
38
60
60
38
110
57
73
38
256
124
240
122
38
117
61
257
38
60
62
68
61
153
60
125
125
63
52
63
206
61
122
60
59
64
233
95
38
61
121
38
116
38
66
64
59
59
177
62
38
247
245
258
230
59
115
58
60
109
60
59
59
109
38
84
120
122
61
118
74
59
63
64
245
172
121
118
108
79
61
64
114
62
101
59
38
38
78
62
62
123
88
64
84
123
62
66
38
42
84
54
117
76
59
117
96
254
266
244
250
251
258
252
262
248
156
261
263
214
255
249
251
258
258
42
80
47
43
71
124
60
120
60
106
63
48
59
183
75
114
64
60
73
60
115
44
81
80
63
62
59
61
62
59
61
62
83
117
65
114
118
79
118
38
106
122
62
60
59
43
252
48
124
70
90
60
130
59
68
60
60
129
83
72
64
253
87
53
58
96
64
255
77
154
179
72
63
46
215
60
82
258
240
224
109
72
92
44
63
87
60
120
76
76
103
72
41
99
104
220
64
99
88
141
64
215
217
88
246
242
244
253
253
254
251
235
242
245
231
236
247
51
57
181
157
238
125
109
120
112
126
123
63
124
61
63
126
63
61
73
122
63
59
81
63
111
62
118
101
45
58
91
59
42
138
63
61
247
38
182
89
62
116
60
56
61
62
166
70
101
81
56
61
38
124
60
64
56
78
85
60
92
63
106
60
93
122
62
116
61
44
64
64
60
38
60
98
123
54
106
105
83
173
63
117
116
63
113
60
60
119
42
78
61
64
62
63
61
44
117
117
62
43
124
74
65
93
52
111
61
117
63
60
90
132
95
84
87
120
88
93
256
106
100
113
110
79
61
101
92
109
88
92
80
96
119
84
63
117
93
63
240
118
95
61
258
40
53
61
119
48
57
44
47
46
75
76
110
94
45
72
121
43
97
42
96
50
79
52
102
91
89
135
98
63
45
70
56
120
271
71
112
71
72
67
83
70
67
253
